1000 9898
98 446
533 507
592 841
96 536
268 431
389 19
600 920
137 412
87 346
90 42
199 380
290 696
935 8
219 699
778 325
108 698
566 773
588 364
169 689
458 409
384 556
83 780
65 233
337 524
247 1
963 720
806 142
866 509
706 18
319 517
619 381
290 781
645 149
904 17
514 752
903 966
649 803
78 967
84 128
505 173
515 710
596 16
64 252
606 148
793 220
934 927
793 601
351 571
338 390
11 564
359 28
680 933
454 304
850 493
499 681
117 26
409 209
429 238
165 692
10 631
727 710
819 651
235 304
989 71
457 846
538 33
595 432
239 576
79 368
617 697
224 941
388 750
10 312
746 110
674 259
488 882
270 718
346 368
993 95
720 589
370 330
480 758
309 983
944 5
600 679
51 989
470 785
399 287
535 855
260 244
461 242
9 497
765 36
488 16
966 773
973 23
871 90
280 316
869 70
851 711
946 997
494 245
385 583
831 30
579 49
420 659
220 925
539 719
1000 476
480 818
981 862
709 86
553 60
638 639
17 729
916 751
4 299
422 80
406 949
762 623
686 977
335 834
415 809
187 838
132 77
61 865
597 287
122 881
527 68
531 129
436 507
557 941
969 617
182 846
473 890
113 291
478 229
830 798
653 831
620 438
469 494
883 924
311 415
373 731
113 248
325 637
231 356
785 580
418 70
79 784
624 159
71 396
297 471
796 461
661 719
429 210
693 901
602 874
396 413
516 446
650 968
724 185
287 69
514 139
296 680
867 723
586 777
956 750
1 149
618 230
63 960
46 758
107 516
243 196
906 914
135 452
416 394
661 140
789 967
150 643
355 623
300 276
727 159
882 356
777 784
893 356
34 795
532 14
756 556
995 428
668 606
389 107
981 641
621 666
967 946
768 364
510 927
575 57
464 307
85 301
655 241
860 689
256 127
720 4
812 793
834 20
322 288
470 994
821 778
159 919
630 394
260 254
83 949
184 304
202 258
498 688
249 270
658 104
938 776
616 482
155 238
853 507
800 249
451 855
588 888
862 107
442 638
212 100
838 496
640 769
576 143
120 763
763 595
583 324
944 562
582 4
965 900
41 566
922 73
851 101
409 58
482 704
430 864
288 905
607 608
893 851
894 20
749 783
589 634
690 915
71 948
293 903
940 123
44 64
130 491
393 712
855 264
234 338
487 900
56 526
920 247
43 376
82 286
570 205
447 490
910 982
927 796
163 529
826 225
202 99
495 510
975 512
546 224
694 936
581 474
284 718
855 223
397 995
569 434
146 293
328 576
972 921
85 336
821 76
345 131
570 972
937 583
310 707
521 128
83 883
985 339
364 438
290 631
520 328
96 970
740 483
311 688
830 244
669 810
25 368
1000 671
229 755
892 405
208 48
951 832
365 499
986 102
14 400
597 41
490 727
571 706
753 731
773 574
904 803
279 165
288 600
36 942
311 372
377 168
308 826
50 849
468 448
306 295
714 440
733 460
684 528
101 610
652 118
351 439
12 149
657 683
220 80
993 208
353 881
137 956
410 488
124 564
529 918
296 527
885 467
525 674
374 856
903 481
980 680
729 1000
570 428
415 60
779 168
604 131
141 955
534 690
295 74
247 333
711 706
594 889
441 571
152 283
512 11
587 577
843 731
997 350
356 170
530 419
310 669
345 159
63 336
39 423
16 765
678 890
958 25
242 384
43 689
319 516
838 636
568 112
19 312
94 284
424 296
761 513
846 676
473 78
861 550
403 582
26 407
703 499
282 829
155 57
126 540
1 851
398 975
84 395
585 525
586 350
269 98
677 101
169 278
499 571
151 386
814 326
227 744
212 156
36 962
865 382
573 165
442 409
426 994
338 278
364 454
410 298
853 518
550 189
978 473
949 744
953 749
720 800
183 160
370 617
611 701
372 304
836 862
28 947
250 783
869 606
498 260
734 371
470 935
271 690
57 258
583 992
7 148
138 69
893 125
819 838
210 144
6 84
138 212
552 726
786 744
987 105
146 587
574 539
759 517
156 400
263 460
979 928
90 970
882 208
171 181
229 887
748 681
765 261
90 15
950 697
809 571
203 868
938 209
76 93
171 194
493 661
693 73
90 446
94 478
939 313
65 244
547 989
481 612
298 338
729 994
856 664
674 537
696 193
588 119
934 79
402 308
84 310
855 715
144 899
985 863
899 885
468 53
135 703
195 772
16 394
677 136
164 349
352 725
482 872
468 171
252 834
715 346
662 679
240 826
631 710
891 637
714 30
180 82
72 485
61 405
525 38
12 127
417 649
932 56
828 505
477 197
615 931
267 395
14 900
879 542
24 644
131 744
762 484
325 290
823 39
20 688
167 515
477 487
870 70
488 960
519 798
660 384
721 758
974 32
668 923
667 712
747 422
34 199
475 123
920 156
639 272
542 887
747 567
636 282
901 668
348 572
271 956
432 997
252 254
107 805
492 557
54 300
631 753
417 852
488 412
470 28
933 668
290 654
642 731
437 461
720 231
350 550
846 939
760 552
137 1
584 374
161 411
180 97
75 381
830 511
9 95
800 830
433 827
566 469
918 472
146 480
100 879
816 552
229 589
414 721
351 190
83 948
355 187
230 773
969 955
222 425
518 618
596 638
190 715
321 872
913 172
899 849
97 961
922 658
649 890
782 699
943 120
356 678
288 462
36 804
153 960
579 646
528 660
342 736
456 655
743 300
766 663
623 966
168 146
794 234
232 869
528 434
583 468
72 974
552 56
274 185
681 340
289 595
917 337
888 479
339 232
641 279
699 25
385 81
439 770
997 788
639 29
727 495
497 562
670 299
813 130
506 832
33 688
876 806
203 736
220 258
646 802
719 744
25 788
76 449
812 461
523 130
372 628
820 960
254 624
650 3
725 589
560 722
402 952
20 383
739 609
611 603
322 99
316 563
983 378
270 195
844 220
898 964
317 316
122 980
624 574
7 750
647 592
249 463
156 109
48 942
80 348
402 237
442 846
973 610
705 972
133 363
562 591
717 810
982 272
910 45
624 796
899 828
351 803
268 341
490 581
130 658
431 393
631 872
249 154
635 161
287 963
204 662
297 268
799 573
636 625
305 809
912 351
879 771
1 528
439 418
440 586
960 75
743 336
710 27
396 471
571 419
708 374
421 612
502 989
120 903
344 591
953 871
303 164
844 804
645 789
466 30
606 762
441 420
45 90
709 243
927 76
642 172
737 234
741 674
667 515
338 732
582 402
534 337
34 523
384 994
827 310
725 783
941 322
524 494
877 580
891 255
402 762
204 306
96 427
489 684
707 42
926 200
659 335
74 917
555 238
363 625
209 575
467 687
952 33
860 890
147 769
630 576
407 307
264 35
412 491
730 154
695 936
536 975
593 738
151 846
8 40
890 356
191 601
866 221
28 268
443 628
904 994
47 126
505 179
583 88
415 762
516 23
169 388
188 416
657 111
681 97
301 415
577 432
117 119
201 900
843 469
2 175
112 101
847 261
61 368
615 809
507 336
358 210
184 805
993 17
386 161
117 137
283 555
451 477
362 32
718 445
610 282
277 185
525 483
984 635
894 194
567 168
917 393
871 246
853 871
859 662
348 145
573 616
704 505
888 134
559 565
896 267
570 478
627 227
755 982
993 989
281 457
620 724
380 913
444 898
513 935
471 443
509 740
494 8
800 565
832 221
532 116
879 159
848 449
7 970
602 240
506 717
638 530
807 99
371 541
389 134
651 767
472 836
643 703
630 573
493 201
462 887
555 338
285 966
126 972
17 360
290 956
649 99
84 448
342 904
809 869
94 249
80 780
575 330
317 70
13 845
992 728
40 821
991 410
298 914
127 192
711 897
667 97
465 629
283 376
925 937
325 237
970 18
3 105
520 861
80 852
135 604
175 303
162 986
398 714
597 706
946 448
362 247
514 278
918 124
957 730
979 126
139 327
533 923
383 750
330 486
628 750
45 17
379 715
204 40
615 128
690 729
305 317
343 477
91 364
400 535
720 668
404 71
851 278
912 110
73 698
185 848
441 190
719 791
812 91
688 73
928 696
581 687
626 957
440 258
385 391
661 531
764 787
487 301
935 492
901 300
199 231
375 227
765 439
512 69
778 255
517 988
294 335
538 800
281 49
440 174
217 882
683 514
173 935
356 355
303 356
117 618
70 561
570 946
79 167
69 401
891 111
362 76
950 932
809 816
26 89
759 44
562 936
800 29
13 992
433 667
610 956
282 963
213 169
491 443
444 83
190 603
998 810
975 434
236 397
454 92
684 889
9 277
705 178
503 673
588 713
535 434
459 519
45 706
463 87
763 597
156 637
423 707
500 200
931 782
847 999
542 660
470 659
115 800
885 332
282 345
780 232
853 942
279 717
571 213
908 681
497 672
194 704
267 148
304 7
987 261
571 66
920 330
478 972
290 94
935 690
681 791
367 92
741 367
485 161
930 46
460 503
6 29
670 52
30 407
896 17
612 933
731 625
295 379
522 119
416 374
560 200
509 541
935 753
364 651
545 431
564 381
857 493
394 597
398 437
931 172
539 649
904 282
815 556
377 528
599 325
288 47
270 115
753 157
12 607
4 955
598 259
550 77
800 57
393 501
605 682
441 429
660 541
113 280
80 135
834 280
303 975
195 846
126 512
198 147
387 96
886 44
65 334
249 153
92 545
152 401
611 199
630 33
888 576
102 462
965 836
933 422
120 793
801 796
105 206
861 132
438 895
809 377
989 623
158 622
786 303
387 572
742 280
799 227
291 472
538 123
810 996
210 24
103 295
129 6
457 945
663 705
704 414
150 676
573 692
206 903
706 758
570 426
457 659
646 783
495 431
284 580
195 35
626 965
772 945
152 494
650 85
872 349
526 704
599 922
976 171
479 776
946 847
668 559
968 991
418 480
220 948
833 455
601 931
470 436
146 406
536 818
687 533
574 953
837 988
809 202
359 597
434 364
821 832
781 466
736 835
878 642
826 793
409 212
175 52
236 70
35 363
852 136
320 105
193 285
122 429
322 699
842 975
334 638
288 614
499 682
328 808
822 578
753 551
37 486
126 222
675 841
533 574
961 675
24 729
560 297
261 724
289 664
653 446
345 867
381 101
236 808
510 347
872 524
915 536
642 800
2 643
224 799
44 10
427 914
979 673
346 238
328 813
628 248
846 179
29 133
877 551
545 373
604 784
204 422
976 151
742 930
817 788
677 737
517 776
389 133
82 921
1000 428
697 396
96 773
740 470
981 972
434 385
34 583
109 1
477 637
204 795
649 98
647 923
389 935
288 198
952 173
437 939
39 683
460 508
833 286
369 466
407 52
464 918
491 111
74 477
904 878
966 220
550 287
678 288
164 148
939 788
887 34
767 384
714 28
970 98
900 649
957 360
154 119
282 416
75 127
154 230
474 635
880 970
466 877
780 197
329 562
858 741
789 369
124 638
675 118
896 377
362 810
510 375
99 808
25 141
907 91
983 812
452 308
290 59
772 875
681 826
367 59
865 763
29 862
548 430
42 731
168 767
426 314
46 983
674 4
930 122
747 446
781 965
584 489
103 819
911 326
949 63
170 182
483 133
375 147
604 619
787 445
825 114
129 699
904 383
616 41
445 833
63 278
66 22
215 155
555 70
811 464
830 76
613 836
100 873
284 112
178 47
511 849
956 546
8 18
28 77
835 615
485 802
514 772
198 293
915 319
170 266
99 160
143 733
257 646
420 886
991 505
445 261
905 449
415 701
737 663
210 753
762 66
49 693
628 559
75 921
316 389
196 691
178 482
778 890
771 75
353 904
615 880
818 210
333 34
237 614
79 23
616 929
871 91
803 203
515 223
641 180
244 69
634 717
35 34
721 583
461 964
745 329
630 898
42 925
719 837
868 513
194 624
432 165
931 333
751 340
733 937
228 823
910 981
896 99
698 51
403 149
521 602
100 457
543 329
394 368
358 513
307 561
270 423
987 83
146 657
223 397
583 146
270 342
916 332
332 59
650 144
263 679
548 823
199 293
405 577
942 823
30 705
290 626
238 804
331 66
739 833
242 411
351 15
652 888
126 773
95 10
397 420
326 330
971 3
75 214
773 793
351 813
427 290
375 735
36 715
787 917
293 228
154 282
282 855
619 930
490 722
967 356
2 342
526 589
425 837
615 694
781 224
710 142
602 527
344 819
812 764
623 887
918 475
773 588
540 329
744 218
505 352
892 852
822 615
199 540
148 594
165 668
793 867
690 45
912 127
124 818
111 521
862 759
442 226
81 610
443 135
10 558
211 419
785 400
89 771
879 592
636 741
419 238
442 85
742 488
777 657
335 947
803 453
751 507
951 197
167 858
466 96
611 532
23 726
410 649
987 145
422 620
873 26
525 897
379 321
219 440
517 625
755 26
25 615
372 586
727 64
218 112
540 549
280 339
502 696
85 384
176 420
747 799
217 824
380 220
897 452
293 755
560 314
13 756
51 385
687 532
7 646
125 371
296 506
753 184
41 260
21 806
976 396
669 922
319 513
880 261
787 211
75 101
155 397
265 733
820 393
913 217
731 638
592 280
620 334
251 405
587 31
878 989
295 995
813 610
279 202
643 63
257 1000
153 459
23 193
447 949
943 784
508 677
714 72
73 64
918 86
866 799
297 520
836 955
512 785
288 837
801 301
180 822
913 583
309 598
666 137
998 98
528 154
641 349
715 844
776 984
307 11
99 924
741 341
836 127
380 915
881 594
717 300
385 441
466 580
360 479
750 600
472 697
953 174
863 983
975 965
299 108
872 442
214 153
2 302
950 269
552 876
388 328
190 150
431 648
324 600
487 617
484 271
595 703
869 292
817 713
801 204
81 151
436 161
790 944
260 119
892 843
998 795
584 571
824 10
398 29
826 728
630 418
591 984
259 470
522 753
463 569
355 128
592 602
364 978
505 220
52 791
182 834
976 943
614 833
778 953
874 658
285 663
553 511
251 133
300 648
117 44
527 919
942 410
945 470
528 314
784 852
130 122
538 367
741 804
619 136
982 794
516 442
884 796
245 294
283 521
965 61
857 604
953 669
761 691
427 578
83 164
373 77
766 427
1 233
755 662
483 891
546 391
140 756
2 757
665 51
560 823
20 197
195 220
751 307
898 443
371 959
851 393
764 958
825 806
509 789
537 154
318 357
138 247
376 598
267 985
885 859
869 23
11 476
750 475
401 504
534 1000
42 506
940 471
925 37
639 993
450 71
180 259
989 958
132 271
155 678
285 823
490 827
821 229
878 836
848 205
705 884
762 655
688 614
380 490
401 171
535 520
334 262
282 606
544 421
408 612
736 925
237 320
402 279
957 199
833 89
905 372
100 584
781 281
88 912
36 720
473 858
57 667
645 378
903 778
691 468
786 448
293 400
899 227
683 584
151 86
875 224
32 966
508 783
550 312
568 534
774 908
407 825
382 131
932 865
25 300
460 933
300 914
747 59
35 199
715 601
934 645
918 30
686 42
671 818
224 11
701 956
634 714
448 579
966 645
762 340
550 964
756 217
410 515
432 215
993 938
776 912
213 668
12 418
140 623
215 165
346 308
745 106
780 607
621 967
622 480
648 709
863 300
564 601
107 332
440 399
51 567
103 854
472 992
694 863
227 198
13 719
713 887
308 61
384 581
61 707
276 537
920 550
406 625
958 34
28 35
302 582
909 948
75 120
517 97
783 913
99 78
9 858
66 151
377 368
857 62
741 544
485 219
240 331
960 305
374 71
326 474
663 383
739 399
209 924
728 188
749 282
614 937
145 436
164 144
168 83
512 134
481 508
856 224
50 107
767 458
553 64
149 661
939 863
245 508
602 959
508 642
143 839
760 491
249 874
13 343
73 52
59 249
321 993
317 673
84 668
488 637
659 950
886 780
707 990
957 625
689 243
598 909
675 416
676 975
372 262
564 872
149 914
138 690
234 291
665 491
101 209
157 351
379 467
437 255
873 471
202 852
385 348
168 860
405 913
416 438
732 324
692 218
59 530
195 434
894 752
627 471
590 201
848 472
186 659
246 515
7 995
836 329
161 471
398 484
94 599
510 840
612 400
43 919
561 598
838 854
454 591
347 573
609 834
67 612
906 490
673 493
109 787
87 439
806 131
679 147
369 182
260 35
29 506
625 69
751 525
575 339
924 73
443 675
587 385
199 959
139 656
969 705
532 757
630 144
154 383
118 932
249 187
473 515
917 978
735 831
957 465
746 516
359 27
179 849
255 218
990 139
495 555
745 708
27 690
747 3
126 220
163 82
990 421
295 593
79 206
689 142
541 933
249 759
158 731
675 463
694 441
733 559
913 582
77 409
779 413
319 428
876 109
840 157
306 553
849 465
333 192
745 256
798 282
693 608
695 182
427 916
798 165
51 800
72 453
309 408
717 299
520 169
868 681
775 143
815 930
750 333
841 535
682 533
100 386
600 970
918 291
908 622
310 621
800 679
551 871
316 706
15 456
330 538
351 520
795 636
544 700
48 523
947 681
30 655
233 513
380 336
750 311
899 714
665 940
262 546
856 749
289 276
660 753
517 40
87 168
105 872
640 621
701 999
631 15
674 644
821 979
71 212
662 601
630 333
278 342
804 698
95 749
457 465
294 716
463 207
943 209
608 406
792 997
98 436
226 353
745 791
616 681
378 676
14 622
738 414
524 783
597 719
233 468
30 344
538 159
876 393
514 132
37 617
59 33
810 811
81 937
67 746
261 827
842 408
182 169
771 924
867 807
838 254
139 38
591 180
59 783
721 199
664 886
152 5
615 355
966 971
290 424
402 686
954 899
537 153
105 383
823 743
384 860
14 263
743 989
217 710
695 553
848 416
351 375
929 33
656 807
397 587
588 290
702 302
62 73
815 533
730 63
35 991
57 847
61 815
810 6
481 644
669 833
543 824
513 388
492 124
404 799
739 5
155 116
801 442
566 890
997 696
619 952
325 829
87 818
914 266
614 765
356 817
434 999
142 396
454 482
334 692
960 99
64 424
606 992
771 77
790 251
645 684
282 386
123 895
620 196
141 381
220 218
862 281
387 709
887 894
709 394
605 41
814 975
810 905
325 258
914 933
866 550
297 865
263 76
728 571
215 311
552 745
257 403
901 986
205 509
167 688
478 947
520 452
387 831
685 964
742 191
530 775
253 322
733 984
3 945
447 102
964 284
470 205
480 913
410 964
506 657
893 259
380 186
695 525
328 581
310 597
613 900
155 532
449 503
108 588
200 671
13 878
955 785
784 414
941 798
622 29
973 397
258 560
118 268
139 905
526 807
383 948
680 627
56 429
57 980
648 145
942 535
155 419
13 769
621 44
229 81
454 157
464 961
429 593
377 480
530 124
269 232
554 886
847 527
4 363
465 773
52 639
439 265
166 451
169 317
61 247
500 265
999 849
726 523
451 711
89 758
254 280
535 291
282 119
943 894
601 339
969 407
625 629
53 964
531 382
885 11
614 507
482 526
600 149
639 28
969 96
537 356
542 759
64 338
562 241
68 378
968 296
822 647
144 282
140 814
722 122
794 287
63 950
193 924
358 374
914 980
884 154
63 775
255 217
284 976
766 194
234 435
570 425
556 132
439 512
817 368
731 150
586 703
70 3
113 659
185 254
542 194
401 577
983 52
529 68
424 977
727 51
983 421
489 545
553 948
39 461
939 67
749 483
602 139
161 327
609 833
889 67
711 364
643 724
56 474
352 881
756 775
406 530
227 83
890 497
943 361
434 363
174 665
981 23
361 886
507 912
400 310
623 582
290 886
633 706
868 447
510 936
653 789
71 623
527 780
308 598
848 579
279 87
869 851
106 597
839 895
761 215
624 105
311 343
796 961
11 699
269 681
505 258
35 305
842 131
550 720
878 829
992 892
836 933
471 657
785 481
571 304
510 124
872 849
10 448
317 708
177 113
729 700
470 734
804 170
310 439
186 129
439 209
645 902
813 36
154 931
50 592
589 573
311 923
482 330
917 748
779 493
447 331
345 657
254 835
244 349
898 580
616 25
171 394
447 41
987 108
533 424
663 821
703 888
618 320
926 153
472 554
697 183
971 560
829 946
356 228
574 935
695 629
790 967
574 894
657 626
289 278
420 744
826 631
50 978
869 691
559 749
621 466
159 953
705 799
977 530
155 506
925 274
330 844
226 941
636 864
929 576
861 517
504 642
921 720
95 221
31 613
914 772
606 235
239 774
826 939
277 549
795 40
340 123
948 634
734 79
344 661
723 954
836 763
296 880
514 83
283 666
269 867
992 792
499 312
7 307
580 631
796 596
747 238
732 858
982 481
240 620
974 779
380 636
839 679
428 13
386 419
7 465
176 83
729 777
219 855
115 102
414 456
72 403
312 482
607 953
404 50
466 821
16 586
722 994
684 25
243 379
560 23
318 363
870 308
746 366
786 713
181 49
384 861
538 772
975 987
980 963
403 88
521 285
904 403
708 949
237 139
402 992
521 366
919 330
189 488
9 66
797 233
302 697
947 644
995 928
554 494
95 898
612 56
189 345
636 166
375 434
322 314
821 788
806 200
900 133
792 518
756 895
502 51
268 735
844 490
389 553
118 106
216 71
507 600
455 280
688 981
770 712
98 8
288 451
930 910
236 393
878 552
166 420
26 379
965 876
343 968
625 511
257 933
683 731
499 758
945 496
467 20
613 380
586 482
54 564
373 322
232 874
84 779
433 53
362 213
511 500
314 784
938 685
671 828
399 338
254 46
93 259
102 98
563 716
547 243
344 662
276 315
307 275
319 487
671 315
768 659
641 411
237 666
387 883
423 153
68 948
203 743
43 382
688 105
676 538
717 498
425 700
186 266
924 524
950 344
238 94
169 565
719 533
247 276
928 422
124 65
414 901
254 708
138 971
327 493
622 738
113 929
609 804
846 571
192 528
913 464
242 406
619 744
265 341
798 713
554 85
296 381
518 696
920 599
374 42
322 433
806 71
57 580
939 546
818 689
123 711
933 64
667 444
751 933
982 759
171 154
579 41
69 283
948 562
733 292
92 684
308 913
240 839
866 903
334 657
157 872
88 315
680 95
260 675
46 116
358 186
310 313
628 300
563 699
680 381
989 237
663 364
569 939
767 776
327 879
788 643
223 814
261 525
281 327
286 208
381 206
163 871
497 977
594 65
423 297
957 849
181 343
702 683
918 612
868 695
756 956
565 753
52 420
77 55
286 794
518 550
513 975
262 603
590 207
4 726
647 380
831 227
599 7
855 249
821 57
787 393
823 607
256 463
76 192
740 175
2 711
755 426
39 349
830 440
562 778
816 614
284 4
696 956
511 645
756 768
170 431
743 862
49 822
692 40
933 770
945 59
504 540
265 706
838 641
623 577
844 306
616 401
196 833
259 13
705 205
474 757
505 39
586 344
122 809
364 286
41 197
773 540
49 754
662 780
615 804
175 391
732 960
291 154
419 81
827 828
899 475
404 987
406 185
979 105
193 684
893 563
72 779
269 719
509 202
628 256
644 557
723 108
281 1
762 458
12 483
688 736
854 817
945 107
414 502
124 428
206 116
903 54
889 950
673 609
301 864
160 668
620 578
732 4
592 639
213 217
996 672
855 542
392 639
603 273
37 951
901 674
225 703
194 806
678 61
362 624
806 737
205 230
891 395
694 874
381 421
333 258
375 139
570 799
159 554
790 636
687 580
311 296
378 268
214 126
661 565
773 43
583 644
414 767
226 113
905 204
907 810
303 173
921 806
39 679
682 393
496 428
593 594
50 463
296 154
679 612
204 580
313 796
925 932
175 325
53 668
986 690
201 986
477 61
683 766
514 352
573 195
151 301
709 259
103 52
412 831
219 73
534 214
962 929
405 684
865 126
258 324
442 153
427 583
597 559
376 157
514 53
589 591
993 786
187 199
171 698
297 779
465 409
319 450
548 244
228 904
215 130
91 400
918 957
154 678
640 225
440 263
591 468
152 443
728 44
906 108
580 91
345 398
317 940
958 856
265 205
879 190
393 145
432 761
548 799
756 602
742 733
34 756
832 151
506 460
148 916
753 69
506 646
347 660
204 827
782 102
252 559
861 759
122 15
31 715
940 623
202 167
41 99
5 728
355 415
13 253
257 523
798 978
28 414
434 997
398 641
130 426
921 461
539 10
758 178
84 933
835 935
585 856
568 618
418 593
571 413
365 844
538 334
116 328
927 304
268 243
822 526
137 824
671 831
250 623
530 849
552 461
847 30
150 378
278 815
524 19
28 834
453 475
774 463
599 574
902 291
756 933
889 622
784 398
659 746
676 692
971 780
347 22
27 457
924 670
615 385
67 119
124 380
970 287
897 210
850 786
1000 187
217 695
370 111
228 657
531 770
616 927
163 646
661 395
846 905
206 616
155 534
526 523
673 85
285 871
288 36
787 74
187 790
373 719
544 341
598 24
782 211
341 33
490 941
476 712
386 736
739 210
523 356
575 312
743 650
502 28
284 199
35 731
198 261
492 98
350 64
23 362
157 577
99 143
601 6
654 56
273 227
204 573
795 98
523 947
583 3
416 533
874 936
672 326
396 126
127 20
222 824
459 550
226 295
729 388
438 880
554 569
874 282
127 842
493 689
225 214
175 704
736 198
720 827
741 603
79 356
120 107
28 934
586 840
269 614
491 516
931 156
384 73
59 841
626 623
115 462
924 738
368 978
818 748
884 442
411 766
29 947
176 457
437 414
152 354
485 418
596 30
787 392
716 290
788 183
954 667
648 962
523 386
262 682
356 337
978 781
323 424
678 738
860 705
403 702
582 460
132 194
542 269
433 837
779 94
846 417
133 312
578 950
329 517
900 94
190 464
545 793
196 819
915 379
140 426
658 171
52 686
2 391
611 153
815 3
620 473
951 579
109 604
104 886
836 641
292 83
390 576
961 900
407 908
841 254
948 427
608 735
239 563
166 719
741 925
266 965
620 782
107 357
340 81
456 427
153 690
37 626
240 578
847 33
704 209
478 732
816 443
768 574
418 891
36 318
384 311
41 640
814 773
728 582
858 701
896 402
435 952
406 427
426 545
320 830
580 322
817 176
655 688
716 898
521 692
304 621
114 770
263 295
175 939
506 537
96 478
671 331
964 199
34 924
141 984
179 799
954 861
811 188
152 463
635 528
347 380
111 271
39 98
26 911
613 73
284 331
358 860
204 50
133 122
356 373
68 577
98 341
90 441
143 807
129 707
904 215
977 903
950 978
735 344
207 659
557 788
815 336
748 981
549 644
203 456
80 781
653 678
191 635
51 44
313 197
627 865
866 251
294 880
903 802
814 395
653 823
526 63
675 963
195 781
198 220
57 748
666 642
335 285
28 443
781 211
527 915
926 968
611 770
776 301
843 734
571 437
838 793
895 90
73 151
81 260
705 458
652 215
305 964
676 221
40 375
188 791
706 980
525 432
504 100
550 589
790 60
205 756
794 435
468 438
211 351
345 977
969 143
993 785
900 542
614 227
617 669
944 507
764 724
231 689
570 269
845 740
906 779
819 826
417 206
823 962
57 295
377 619
512 317
718 95
333 451
389 433
427 2
546 212
360 63
217 602
110 143
129 924
792 76
166 814
346 993
483 136
284 431
213 383
405 358
902 787
389 228
195 685
40 618
575 438
320 490
808 623
517 9
8 23
636 791
449 187
17 479
293 714
364 50
222 400
957 195
740 725
924 396
654 93
123 317
772 232
489 806
869 780
727 625
407 87
589 597
966 162
282 612
218 829
574 65
762 190
67 796
468 325
325 92
202 489
831 966
525 67
235 355
988 291
681 349
421 986
499 278
82 210
210 927
49 27
515 194
441 401
558 100
963 500
768 742
487 734
951 79
931 227
552 748
846 466
206 941
614 30
392 681
64 902
157 375
72 36
504 539
10 75
521 605
929 224
837 535
552 921
108 485
295 47
850 674
946 933
157 10
164 471
276 1000
596 997
62 297
786 973
215 741
789 566
562 868
816 636
564 234
74 602
143 54
647 854
960 535
657 969
273 960
520 479
354 173
762 798
501 298
502 29
854 230
606 391
662 520
829 444
776 56
475 94
134 838
84 373
611 112
511 86
937 11
28 259
819 107
753 723
239 824
757 827
170 525
874 633
434 902
272 53
273 268
22 129
5 989
981 436
336 477
903 409
732 708
895 483
645 412
719 145
461 641
944 677
242 560
944 807
542 517
263 28
598 897
976 808
484 324
121 518
374 848
89 149
26 329
917 80
168 689
723 289
500 750
603 311
827 335
332 999
836 407
608 270
699 905
447 135
337 965
342 443
660 20
368 546
80 118
526 629
104 124
15 496
402 919
789 729
367 973
171 222
191 275
432 642
152 513
193 614
804 861
881 70
511 647
902 618
652 793
190 936
193 68
764 277
236 158
694 892
868 299
191 582
175 77
178 867
325 976
731 629
697 709
881 160
700 764
496 386
681 473
830 875
384 759
216 1
126 516
1 683
883 907
256 956
242 151
889 286
641 891
53 771
610 64
723 931
106 638
509 486
74 133
170 880
282 86
336 795
214 901
620 248
737 956
370 703
157 763
853 526
547 431
73 468
520 533
732 224
901 893
704 321
357 869
289 653
367 444
936 532
850 38
564 840
266 183
340 772
732 6
509 923
333 77
957 883
980 724
379 499
417 593
302 692
613 150
500 625
638 306
328 674
155 947
851 718
138 175
260 306
275 10
901 322
388 811
9 218
63 107
958 156
159 90
9 901
192 602
602 29
885 379
967 231
512 898
437 516
4 121
578 2
616 209
378 236
695 901
772 102
633 626
648 59
460 585
635 445
550 390
844 679
166 447
350 424
723 974
465 834
445 364
191 856
549 118
112 237
679 759
793 572
645 547
992 127
49 284
66 658
434 846
608 525
880 226
131 818
253 901
989 49
936 163
614 390
287 76
55 32
965 201
254 128
153 390
543 172
211 719
288 224
487 105
99 814
375 549
451 109
272 39
716 935
419 395
918 947
160 464
357 123
655 516
472 747
730 939
107 908
73 524
287 823
366 139
883 31
186 373
680 519
655 949
513 900
660 93
88 936
773 474
538 625
945 593
469 373
398 305
812 383
111 290
901 422
740 146
95 1000
66 941
105 413
523 697
61 698
463 762
126 896
661 599
117 579
227 31
216 300
273 987
517 8
703 349
541 449
48 777
322 424
550 192
442 652
165 174
613 544
620 380
765 869
805 414
678 100
754 502
921 689
244 536
47 63
217 416
678 247
830 946
853 371
239 660
26 233
102 436
222 588
54 523
187 406
317 551
486 934
733 511
720 962
236 383
594 935
135 725
82 211
876 489
477 338
831 679
104 566
486 128
969 170
715 954
954 222
702 848
297 869
245 551
417 912
193 948
68 32
159 139
21 118
224 878
423 262
315 665
618 82
158 49
965 463
661 70
316 49
613 349
506 955
103 623
881 541
533 124
52 526
336 406
224 624
379 296
677 833
643 945
56 885
256 375
973 214
445 925
263 524
513 785
146 282
608 401
589 976
617 325
837 840
307 981
454 612
610 646
424 535
958 84
484 731
748 632
566 393
824 88
532 265
130 985
333 554
934 60
518 703
118 179
70 822
951 859
402 372
22 565
60 376
354 29
30 884
201 65
75 861
863 589
796 219
523 949
974 650
61 243
639 314
490 367
759 364
715 282
383 504
594 617
991 761
443 959
598 565
14 554
890 468
719 227
515 105
55 251
992 195
918 63
775 738
633 215
513 407
935 920
242 561
295 569
131 552
480 390
244 423
504 47
283 869
604 455
206 31
851 358
15 575
475 10
497 982
560 244
745 184
632 230
405 924
602 848
358 596
237 925
418 281
458 858
419 720
258 846
977 110
392 420
342 440
215 938
399 35
293 620
632 452
669 193
254 743
938 226
377 580
375 81
105 597
147 920
759 463
282 753
618 925
199 148
330 709
804 941
986 776
602 30
113 172
687 721
389 989
322 400
394 805
640 565
248 126
523 832
160 362
70 941
88 893
610 238
631 836
559 155
943 56
946 236
508 989
812 312
457 393
277 638
978 541
944 917
197 439
642 324
588 520
662 771
991 733
940 609
409 223
687 180
447 947
710 127
132 910
573 301
847 434
650 986
723 128
581 226
732 882
73 475
666 96
775 710
7 344
961 676
324 236
931 92
660 641
296 581
172 424
448 640
784 298
248 12
91 280
861 308
557 844
8 884
485 854
376 866
855 346
381 239
628 80
149 126
43 298
733 635
444 811
747 578
290 385
203 672
253 457
548 271
670 551
971 679
916 44
376 687
930 192
181 584
972 843
691 917
17 582
604 926
199 346
751 985
717 153
459 233
373 611
897 116
802 377
536 789
403 286
705 866
657 519
910 467
477 630
350 252
227 115
88 779
675 826
113 328
701 983
843 58
888 929
944 851
825 759
943 111
350 425
430 1
678 347
991 672
16 484
182 529
607 336
187 397
10 654
552 69
1 449
718 630
978 291
372 54
802 533
440 974
996 707
23 961
228 597
690 382
249 662
128 891
497 700
296 545
336 766
542 578
923 716
764 726
391 759
486 372
987 305
951 154
862 979
152 224
363 912
988 925
955 332
49 673
392 542
329 713
362 704
272 728
595 914
627 485
186 741
557 434
264 679
431 709
656 909
633 824
128 342
440 104
613 107
797 116
899 125
506 745
547 629
513 677
441 642
759 262
227 177
427 435
526 989
696 904
255 615
422 106
761 742
613 845
743 786
932 807
289 423
374 643
428 942
400 483
222 406
794 442
522 622
373 778
2 474
536 702
41 947
529 459
603 810
325 824
770 983
753 821
455 677
97 841
350 389
5 598
193 478
475 658
468 208
269 929
680 984
95 467
813 676
406 26
980 107
781 70
832 935
572 77
790 252
527 663
487 506
714 394
275 826
41 572
775 761
483 959
261 968
837 64
777 167
79 141
46 318
358 508
380 668
77 348
477 450
760 34
85 945
525 692
249 547
841 871
716 885
833 434
127 518
171 296
173 199
310 157
969 21
759 934
279 914
345 638
603 958
879 505
39 198
132 548
828 841
977 1
150 677
561 834
861 114
945 739
803 669
164 917
497 228
530 546
588 492
823 631
347 422
739 616
61 620
650 155
911 208
594 855
223 168
406 920
602 35
699 422
95 994
777 101
338 853
134 538
57 991
891 85
136 458
981 126
431 29
382 741
971 56
479 88
341 124
687 972
968 352
213 853
30 885
624 868
515 727
681 227
863 143
768 434
102 27
612 252
766 990
786 286
473 553
408 178
645 489
481 502
202 568
163 350
6 760
425 735
373 177
446 807
586 2
788 826
576 20
315 248
335 245
690 36
728 847
503 931
201 241
500 91
600 265
126 53
770 352
241 797
97 273
405 72
771 987
8 857
831 555
98 217
694 241
141 719
436 737
715 822
480 741
764 909
964 95
950 30
720 491
239 77
258 617
371 893
337 957
565 765
803 296
343 227
716 639
898 748
441 111
668 762
194 881
604 772
445 928
835 232
947 546
360 136
802 483
521 345
705 532
455 335
617 288
122 910
158 494
518 382
646 323
541 55
985 437
469 12
109 21
992 746
863 444
858 495
95 966
77 631
883 109
179 411
79 626
740 280
887 475
320 323
784 562
450 730
476 606
238 549
956 848
425 904
184 444
173 538
582 340
160 363
579 526
58 810
610 239
973 799
776 165
740 638
434 985
444 130
541 748
527 553
453 92
398 759
745 718
158 547
231 91
493 907
658 987
892 986
880 855
590 550
443 75
904 551
782 520
421 221
81 583
745 488
227 833
638 381
456 61
760 847
477 409
675 66
436 598
326 678
555 744
93 681
614 85
319 315
945 707
305 409
931 189
486 855
441 169
663 594
903 67
372 407
279 869
85 730
67 419
896 179
517 717
555 406
276 221
974 492
333 476
997 53
33 480
566 10
823 665
37 343
115 348
996 243
779 983
265 213
976 143
398 356
635 898
941 959
691 916
159 646
808 856
995 266
189 479
93 156
228 443
691 517
929 904
475 578
385 894
317 379
161 727
89 117
420 971
884 652
922 533
853 123
112 1
735 123
297 145
709 604
691 449
875 364
801 513
455 704
117 417
248 432
170 181
467 142
515 27
14 705
571 516
257 604
258 143
813 703
850 882
624 138
883 647
75 578
629 439
583 490
641 615
736 419
609 171
956 184
392 963
279 453
83 60
500 35
49 508
144 456
736 274
131 722
922 235
586 828
456 89
242 630
238 156
529 596
324 80
716 850
309 963
840 14
384 52
189 831
206 967
834 564
730 709
988 781
973 95
573 869
49 491
447 72
216 754
252 240
751 30
337 790
29 120
357 347
622 297
76 181
133 970
427 293
985 723
593 502
649 420
208 916
781 735
449 414
639 895
910 317
566 419
626 118
240 261
22 717
938 74
226 872
189 340
617 393
446 381
798 726
968 765
795 892
317 496
418 332
339 552
1000 686
878 723
204 902
531 279
701 219
317 210
912 478
926 247
808 287
784 792
904 187
247 695
586 495
521 994
201 75
257 809
466 417
788 646
33 770
602 853
951 426
681 322
700 234
596 775
154 194
180 838
35 93
953 706
516 532
223 928
776 697
210 620
559 662
141 601
185 921
283 776
894 402
73 716
970 578
2 720
315 667
409 722
780 967
30 226
427 978
814 546
30 13
142 587
894 332
181 239
94 832
190 375
86 804
472 632
90 171
458 695
175 967
10 200
551 251
988 567
995 577
350 520
526 527
587 559
146 427
901 41
762 571
924 862
821 194
53 360
695 809
313 475
567 804
677 364
471 958
437 634
645 165
668 202
887 502
686 433
855 532
622 769
40 871
388 289
834 273
670 667
178 205
450 614
363 203
256 979
740 603
212 28
182 700
681 115
98 391
245 84
529 71
801 698
508 810
89 760
585 639
383 506
165 819
349 54
866 896
870 592
874 503
253 986
110 957
843 432
721 930
296 845
903 410
689 778
736 765
994 373
141 411
235 320
453 153
239 392
315 104
11 883
676 103
328 205
538 64
279 610
653 401
604 449
109 624
958 728
98 954
318 635
689 69
340 995
281 507
724 585
965 417
90 877
260 627
733 901
755 117
572 517
115 466
61 448
38 408
979 637
987 6
159 591
702 575
997 97
158 205
933 713
626 845
208 62
371 666
950 680
788 179
919 667
242 213
255 937
789 599
114 283
202 421
886 581
78 646
392 19
69 789
514 930
911 932
916 590
421 232
541 167
692 53
514 853
472 144
200 927
972 229
956 738
460 465
526 180
729 40
748 892
783 271
165 100
312 680
680 295
792 754
763 345
50 292
536 759
352 708
919 204
5 540
240 202
130 511
630 26
870 533
763 423
291 233
558 854
409 221
687 182
836 540
123 949
957 749
314 866
334 353
596 124
796 590
376 23
605 250
533 909
187 65
595 444
837 7
949 765
490 242
418 887
400 662
898 141
883 377
811 756
685 211
707 551
377 451
582 357
177 242
354 414
71 992
989 381
936 631
6 940
903 45
135 71
708 411
870 864
505 832
532 49
16 981
918 28
898 431
607 835
668 825
25 809
408 95
628 193
613 147
426 335
155 775
378 638
730 657
307 704
513 957
418 315
295 99
388 903
775 277
835 54
873 143
127 793
90 99
807 132
646 2
740 249
688 276
281 866
69 983
674 219
346 952
75 330
664 477
683 11
332 292
392 160
677 633
454 930
76 112
39 380
333 543
338 907
375 420
536 902
810 45
424 352
613 696
389 942
753 45
351 220
463 636
835 515
70 892
416 883
36 676
442 767
702 385
123 642
108 86
954 310
443 795
136 737
841 444
622 899
700 481
593 887
939 783
524 695
546 987
913 872
184 860
738 159
705 462
852 395
466 442
396 401
434 732
75 722
121 577
144 457
476 22
849 532
810 786
480 465
998 40
867 812
593 491
214 753
425 112
181 488
720 662
718 129
776 808
115 108
833 937
461 936
188 736
211 577
674 315
233 25
784 423
162 7
788 311
307 17
720 549
93 573
295 289
320 947
724 641
450 266
531 527
695 256
897 201
238 469
137 99
115 394
833 715
480 541
102 644
290 274
6 446
392 627
47 678
933 641
953 67
614 24
777 877
119 240
114 598
407 431
360 848
752 594
722 674
797 148
467 625
854 111
583 871
969 983
844 401
748 821
952 850
321 869
143 548
990 921
486 744
435 282
131 117
829 118
460 767
62 543
853 368
875 216
748 106
514 430
507 700
625 497
576 155
979 198
282 26
250 406
783 650
552 148
810 724
650 769
667 869
75 868
373 332
193 766
603 867
931 824
624 961
736 320
384 469
917 757
996 786
617 579
46 461
675 319
548 55
396 260
179 684
394 137
862 659
941 32
580 480
980 442
965 170
785 572
664 955
59 947
225 431
719 275
49 249
33 732
732 90
608 104
2 316
261 420
63 1000
824 688
822 79
385 328
404 476
632 205
172 144
472 714
788 6
80 872
773 426
838 484
1000 160
618 371
168 17
241 268
370 85
247 274
104 4
432 523
894 559
753 425
509 531
347 440
882 130
545 421
907 570
717 863
496 675
337 531
623 905
167 467
958 42
29 494
256 694
359 696
269 144
78 488
842 935
294 813
406 363
902 684
554 621
966 440
87 894
75 862
26 924
948 393
218 874
663 166
991 341
867 347
433 361
732 587
625 413
143 990
991 762
634 421
410 171
891 574
141 265
272 184
572 83
130 58
116 343
316 273
279 415
331 860
790 175
452 945
948 862
435 645
240 603
793 795
577 636
444 589
830 211
898 166
250 513
79 355
617 712
749 705
376 218
487 766
642 163
609 444
651 179
263 767
945 978
881 988
555 543
775 18
832 588
319 150
947 489
237 521
608 227
183 487
186 441
579 290
559 888
671 338
608 338
238 397
702 572
850 755
47 745
104 977
101 634
255 842
406 856
97 437
488 479
346 828
972 945
310 520
595 682
337 750
13 747
765 742
413 305
860 734
57 799
765 599
108 318
994 699
846 648
830 13
320 470
818 621
284 177
450 681
966 703
535 584
151 835
766 798
412 365
218 556
4 167
173 536
815 153
433 427
161 531
472 431
287 991
532 765
764 669
406 486
247 600
934 904
856 196
784 865
167 565
861 845
282 82
175 397
469 931
145 682
166 704
279 419
214 776
486 109
397 363
554 681
813 396
779 260
27 571
784 158
487 653
37 718
314 69
546 632
943 453
805 281
44 109
465 448
29 735
780 825
340 768
453 559
475 107
870 432
253 402
737 493
920 59
64 881
582 663
307 707
287 569
971 600
290 851
111 165
848 301
974 285
337 808
252 93
665 96
848 444
485 449
986 38
147 72
938 197
385 707
282 673
372 853
431 256
120 314
420 535
57 827
242 329
338 904
545 222
820 80
761 387
898 316
518 747
248 869
875 570
268 562
325 559
472 109
551 369
311 716
683 953
597 147
325 944
64 178
979 463
852 839
305 652
736 744
168 848
83 371
908 832
199 833
252 854
836 738
801 865
896 823
206 414
888 753
830 756
447 6
451 533
782 635
785 309
325 500
285 423
221 163
151 994
177 5
106 229
513 419
779 215
989 190
816 348
46 289
323 892
58 499
957 945
676 451
331 971
768 100
664 975
79 456
102 859
305 443
824 661
897 256
733 859
20 922
24 477
194 917
909 690
973 21
197 526
944 267
935 272
494 64
591 466
205 51
464 115
135 328
285 123
622 444
787 593
128 442
848 265
276 866
561 948
105 496
324 534
490 352
899 338
612 449
831 33
71 445
69 970
122 289
640 436
180 117
716 359
535 829
882 123
39 402
152 718
816 885
206 6
398 87
146 468
11 635
842 38
616 162
218 450
950 947
318 930
350 223
665 769
958 414
230 817
711 194
313 671
867 64
626 388
156 803
984 164
412 341
14 385
277 721
502 212
848 907
701 74
593 961
914 529
788 160
666 274
540 383
62 751
984 369
197 396
255 154
404 554
421 628
230 460
13 298
676 254
783 826
163 389
419 88
742 363
528 61
310 455
612 835
496 793
154 883
211 382
892 108
326 605
20 856
37 646
900 772
65 858
40 360
713 337
452 131
733 782
854 994
505 895
896 206
756 448
498 464
461 220
299 129
858 84
640 195
930 426
253 346
751 207
199 243
159 570
570 255
132 438
298 986
93 898
90 754
454 713
664 487
284 392
68 631
860 644
553 977
278 892
238 835
4 799
677 560
622 44
273 810
921 966
170 434
769 934
826 665
442 850
649 160
283 110
925 723
450 757
57 589
666 549
667 260
740 758
796 160
654 2
861 582
708 106
973 888
192 979
374 463
197 334
593 813
226 334
500 273
503 670
417 867
988 510
23 183
301 433
874 810
628 644
365 810
280 596
408 393
706 998
309 736
163 417
310 304
974 987
41 541
157 643
448 521
556 359
187 148
831 711
462 30
486 160
976 602
29 762
690 660
858 594
201 417
76 571
955 280
613 492
499 132
564 736
697 658
837 724
206 829
944 230
11 305
362 519
113 651
869 84
798 80
234 605
517 904
958 794
850 643
651 894
138 775
159 329
416 173
237 187
226 716
962 248
946 725
523 521
561 734
670 328
734 543
660 742
752 142
744 975
249 503
29 497
985 43
515 534
843 901
716 141
754 344
437 604
558 664
632 900
669 769
843 18
507 626
653 781
838 267
850 909
365 603
937 106
575 568
390 792
156 666
808 217
939 805
571 668
376 315
508 840
280 184
790 200
166 630
200 521
210 830
196 765
272 165
201 1
49 469
966 280
516 607
918 223
757 429
622 386
162 287
989 202
23 558
907 219
546 633
446 916
858 647
395 399
132 842
423 373
232 470
985 824
270 728
312 462
292 620
225 583
462 276
534 760
684 45
354 712
492 574
589 232
954 871
756 687
24 224
426 220
997 131
730 782
398 350
823 523
863 622
189 619
526 602
599 32
752 729
398 457
350 966
535 640
228 422
161 379
454 928
915 78
140 182
627 728
310 644
649 30
616 71
191 387
322 302
75 426
520 269
199 451
230 778
265 662
964 784
311 719
577 221
5 348
2 498
41 8
173 635
951 309
914 287
257 544
610 142
518 933
361 628
731 439
622 537
92 764
607 207
95 507
64 69
840 742
74 162
572 165
295 782
661 416
425 532
572 313
744 197
966 501
988 341
215 821
337 429
374 574
232 645
799 287
286 486
785 453
680 173
992 143
258 351
866 680
941 58
227 894
46 294
547 223
641 262
549 437
698 849
412 78
101 318
11 10
139 81
286 128
141 643
310 26
258 609
647 249
148 565
158 990
380 858
99 930
101 16
619 39
763 851
594 403
506 531
55 870
591 578
850 696
194 180
105 503
379 240
507 423
159 726
833 491
320 706
659 931
393 154
123 247
949 437
697 68
482 752
256 398
424 544
479 218
483 31
450 972
645 61
441 759
248 787
904 72
728 396
564 50
322 421
640 578
638 144
169 46
243 989
639 559
288 364
293 245
900 419
776 145
282 838
669 634
543 903
260 45
89 368
108 180
515 780
663 156
408 656
705 142
724 414
857 891
304 496
178 409
127 974
58 707
705 424
858 938
657 333
253 932
733 506
257 863
520 579
478 527
482 722
784 72
842 338
456 489
97 265
261 640
637 655
111 792
866 575
244 511
281 371
283 781
695 64
219 139
129 167
2 687
335 593
215 205
451 76
197 592
653 643
393 843
911 393
197 737
146 629
715 781
594 375
375 810
266 426
566 241
489 675
950 336
186 645
993 755
264 839
618 640
859 458
470 53
80 618
474 184
630 855
568 394
21 934
207 819
597 391
610 626
294 65
407 44
892 308
311 646
810 227
795 861
635 26
943 461
925 722
624 777
517 504
983 231
759 181
548 384
930 827
992 668
963 193
499 956
294 653
840 832
314 619
900 278
173 468
448 253
691 171
909 32
785 210
14 700
897 568
844 635
794 160
447 922
265 874
286 540
128 618
351 746
64 316
468 470
645 792
796 660
945 246
214 861
361 511
569 834
35 122
954 268
537 284
167 617
210 766
617 718
135 207
945 71
417 430
716 774
36 400
774 418
376 843
966 622
372 862
902 262
371 976
391 775
216 911
693 387
863 855
152 75
962 420
870 357
940 371
834 746
808 977
864 957
359 794
105 463
379 184
922 241
949 124
697 19
86 857
898 778
919 660
117 996
498 806
798 883
678 741
60 580
5 69
39 808
964 686
179 366
911 929
808 670
368 606
904 177
893 354
264 208
912 748
878 287
19 326
369 829
875 503
394 814
992 713
19 439
825 529
26 409
155 55
999 910
526 42
739 580
532 767
921 368
482 854
725 138
876 106
236 457
41 205
726 556
35 427
897 516
370 868
917 585
991 538
762 240
780 503
839 916
188 853
700 62
258 457
331 645
657 277
586 181
10 457
248 84
746 959
20 674
993 782
830 673
637 695
267 123
581 859
628 46
502 824
557 22
582 491
418 84
845 795
920 142
522 334
457 172
390 22
376 982
649 190
771 729
849 233
480 628
154 765
727 136
470 147
896 38
932 940
424 807
594 319
150 865
635 391
74 811
95 755
760 538
356 237
32 299
874 954
578 378
94 443
372 855
526 970
565 96
652 16
722 701
392 50
194 482
490 861
677 503
470 351
527 462
424 355
886 983
407 362
389 939
139 968
915 303
386 675
829 397
800 942
759 204
450 570
731 599
633 741
260 815
374 389
601 71
175 220
378 968
966 185
969 747
911 712
383 89
277 556
949 323
634 249
47 406
849 990
886 403
62 753
619 244
446 784
880 792
917 621
758 217
689 966
376 455
434 708
475 397
115 930
701 887
443 107
994 846
600 342
289 655
585 134
548 30
73 506
715 519
370 473
280 828
617 757
390 321
799 175
569 890
658 733
515 380
348 219
554 59
581 995
927 11
896 373
384 153
828 604
632 69
125 24
81 877
988 922
132 702
944 208
161 218
508 247
863 943
419 542
246 935
617 49
128 444
445 627
637 159
985 678
267 547
398 315
826 318
133 54
815 686
427 281
411 700
164 454
814 333
579 171
873 906
865 810
242 363
133 3
652 840
191 422
583 864
322 573
612 176
136 467
778 622
360 625
752 307
515 593
114 512
709 939
722 203
655 277
14 391
142 376
858 478
890 16
999 982
840 805
783 497
696 457
633 882
335 510
230 736
877 391
644 824
757 209
244 772
117 50
304 497
213 527
843 392
223 544
168 128
921 326
297 572
559 444
504 24
328 326
185 707
295 642
28 811
676 17
311 406
609 36
978 403
689 204
671 948
380 665
55 435
883 306
223 829
941 430
999 376
140 659
788 359
931 407
449 710
542 818
401 640
674 346
33 322
505 893
441 229
594 485
977 491
501 989
536 406
630 906
229 197
635 608
746 331
712 247
878 196
43 23
610 113
998 621
485 438
678 623
254 717
312 84
521 288
557 546
929 987
358 799
17 513
511 539
718 653
740 3
726 234
762 180
17 658
993 402
41 276
971 563
212 213
363 417
460 425
134 686
800 54
857 11
431 24
234 659
311 566
203 393
830 886
1000 541
735 959
122 410
583 251
253 756
369 440
933 472
936 436
151 399
1000 827
733 315
606 59
607 262
993 406
889 47
891 563
106 793
13 507
287 236
733 428
515 9
969 444
130 57
405 369
780 419
230 494
837 158
823 351
202 647
44 358
562 231
343 698
914 808
789 332
628 420
556 457
187 491
153 490
528 392
785 541
550 799
662 165
558 506
154 964
767 209
162 475
310 195
489 970
613 490
788 938
837 722
893 709
272 662
111 29
63 158
928 473
708 65
431 922
103 649
877 566
767 742
381 295
682 548
224 622
777 968
371 753
320 877
449 401
232 41
200 455
203 920
612 308
703 991
618 741
307 902
143 52
458 550
811 118
337 739
29 173
494 459
21 953
190 960
114 358
581 120
251 323
549 744
198 462
970 447
237 364
778 550
894 241
165 96
701 174
540 108
78 983
504 916
247 932
568 349
639 715
972 455
80 727
762 31
818 989
195 329
969 351
776 353
944 907
407 773
502 397
508 842
236 992
18 548
330 274
741 820
432 334
965 956
326 878
510 27
443 78
562 56
581 236
912 87
457 109
560 985
710 679
872 859
144 368
110 703
25 19
575 298
551 746
591 165
979 831
840 23
489 463
987 344
540 205
349 587
613 270
944 53
201 408
884 375
928 537
582 650
513 945
419 754
244 752
747 870
734 844
612 296
869 455
798 989
855 148
604 916
860 526
458 602
720 121
316 620
707 389
273 871
381 670
203 226
419 929
902 958
100 890
462 833
781 519
624 628
882 820
706 70
999 719
446 725
703 651
952 186
292 302
499 857
173 744
321 925
196 799
750 713
142 157
291 613
687 899
784 674
362 434
395 520
571 682
95 340
944 984
248 437
815 47
549 127
719 387
204 559
468 297
417 809
70 173
865 171
279 339
633 216
323 579
430 229
309 924
511 474
115 441
444 385
747 216
932 446
292 861
165 553
168 451
336 613
524 96
448 627
676 294
896 455
434 570
625 789
370 444
543 149
894 123
129 89
974 51
405 252
228 945
301 955
485 46
902 463
744 431
391 846
911 439
915 944
310 826
561 856
375 832
463 147
566 235
287 542
807 215
442 468
632 403
1000 215
659 292
143 255
648 563
960 869
997 310
545 413
817 656
699 660
494 272
753 453
56 787
783 60
860 641
701 387
702 164
632 736
708 605
692 122
783 173
345 81
273 988
181 763
114 686
830 200
320 273
85 31
73 894
499 821
649 794
728 317
946 332
912 580
621 206
883 987
554 153
627 837
701 214
4 378
23 462
109 279
944 885
852 870
304 660
545 586
749 298
644 938
3 34
442 526
616 609
412 630
269 987
877 390
377 156
177 178
240 676
171 866
179 515
219 638
865 32
685 373
159 82
412 226
179 688
614 495
729 706
77 342
813 98
500 867
619 287
513 174
883 162
21 127
173 944
867 989
130 197
452 934
722 438
157 224
712 105
593 154
703 853
445 549
125 797
513 711
506 676
603 126
198 694
199 395
494 189
740 189
8 334
650 133
997 298
604 331
88 572
159 837
753 318
660 862
803 832
798 676
450 814
329 647
477 519
60 529
541 222
299 735
496 130
143 358
136 824
701 280
562 638
728 362
303 108
568 467
734 320
477 809
204 935
843 248
174 874
362 394
288 505
752 62
79 811
960 43
172 436
410 4
49 716
326 240
827 957
26 212
687 153
447 900
624 215
572 111
810 692
27 674
232 688
412 888
287 124
842 229
342 890
607 551
847 84
978 485
742 266
814 903
266 953
515 294
314 941
83 595
690 256
187 935
439 887
902 373
376 845
177 300
599 427
567 123
42 610
23 741
427 932
449 620
587 859
897 132
510 523
385 424
946 392
319 227
424 845
189 723
636 316
48 317
121 985
416 305
327 677
129 988
75 623
522 436
622 234
181 992
424 619
96 664
226 715
742 515
946 720
857 475
747 923
566 509
890 176
627 705
55 888
716 933
941 887
156 209
479 562
303 290
130 948
88 106
994 695
317 450
891 37
783 229
87 568
491 339
678 965
544 505
361 867
131 147
153 623
155 9
160 353
631 360
611 128
282 188
502 275
785 35
1 732
329 255
37 182
780 354
505 414
469 571
952 731
496 276
762 254
11 692
174 96
989 37
771 142
893 54
353 963
154 148
317 616
927 499
822 719
842 281
554 661
171 571
99 522
332 718
576 276
637 693
970 564
721 762
719 915
813 170
483 731
957 463
396 558
578 948
950 999
128 35
938 582
689 326
600 807
208 157
676 580
660 65
50 109
593 226
21 649
280 269
100 438
7 938
485 380
252 89
80 270
143 11
91 842
937 638
534 840
351 404
613 961
411 835
470 482
522 787
282 732
570 167
141 311
773 930
167 407
705 788
298 322
808 767
143 350
754 379
533 726
725 74
66 857
535 729
113 466
683 970
478 218
154 308
984 123
13 207
714 812
198 213
785 15
804 317
832 46
433 231
165 669
286 715
896 779
400 954
2 130
387 637
300 931
767 7
738 267
741 952
813 347
447 557
603 907
896 553
435 705
475 316
3 389
44 303
944 357
317 765
495 678
625 788
76 664
242 624
349 652
685 50
888 66
462 85
974 373
175 880
715 871
694 730
59 795
722 57
154 573
965 467
869 183
428 323
731 186
859 993
200 290
185 210
223 526
725 968
85 617
945 760
751 36
132 478
774 37
522 66
858 218
587 936
414 916
678 577
533 322
20 363
760 568
28 826
160 894
346 921
510 908
80 197
212 578
543 526
378 310
285 778
143 412
91 967
904 252
643 741
229 637
324 839
12 172
723 22
203 30
646 412
406 721
670 534
626 338
519 736
957 218
136 420
145 42
396 141
442 668
294 661
964 766
170 655
984 87
96 5
201 787
804 253
408 659
525 152
875 223
740 440
183 820
206 462
97 179
173 382
560 388
527 623
112 400
330 299
918 440
975 185
467 564
357 626
692 733
841 189
607 450
365 979
563 680
896 565
969 193
629 183
426 716
776 703
48 214
233 222
659 790
452 120
552 326
717 665
230 189
860 28
598 128
258 576
759 782
10 225
978 856
391 796
971 774
510 492
883 82
758 698
831 274
209 7
816 41
459 507
665 308
760 886
381 498
702 404
684 135
722 462
464 482
764 181
53 80
23 975
848 120
721 142
226 548
333 704
378 475
622 190
257 679
185 313
243 751
562 797
561 694
982 70
804 802
968 688
351 549
203 173
355 118
388 609
706 530
606 509
248 564
503 455
911 876
53 532
365 482
351 787
200 252
635 396
356 647
622 762
553 401
437 870
337 98
877 472
455 646
761 199
230 642
50 28
89 706
680 955
827 956
365 661
782 896
996 989
441 301
729 402
287 238
533 514
496 603
336 768
745 612
84 818
927 286
912 109
509 804
642 410
770 71
592 728
355 639
83 250
28 777
880 512
862 624
702 997
704 382
229 317
525 320
894 33
237 738
307 628
137 572
488 776
529 534
680 390
955 284
108 247
405 819
301 898
512 335
988 860
995 658
854 637
195 16
656 558
895 238
453 872
863 993
222 891
374 381
63 233
357 268
88 424
402 893
423 145
872 475
912 946
432 556
821 14
878 81
290 710
612 389
740 82
298 77
49 743
281 825
657 642
735 473
995 356
311 886
368 392
60 566
557 806
762 712
834 173
104 402
583 810
549 662
622 948
734 658
882 865
204 885
995 66
1000 748
83 413
696 165
678 85
89 521
757 964
332 228
705 41
151 672
213 882
783 442
507 541
207 340
652 455
799 624
639 369
586 335
658 816
587 154
883 771
867 188
404 648
188 39
979 276
546 945
374 350
128 730
667 179
179 973
520 914
273 372
984 732
412 861
987 527
219 953
419 43
844 888
560 987
614 354
430 937
197 866
648 994
756 247
684 372
956 497
116 86
214 751
34 321
200 41
491 730
129 115
367 455
137 789
615 285
449 990
176 50
732 869
769 3
552 685
569 61
974 68
589 812
931 307
118 385
355 613
358 616
397 888
548 520
517 583
518 160
930 216
897 385
424 953
522 62
65 953
941 952
776 742
394 397
68 548
57 205
454 932
327 430
590 464
189 329
420 611
573 211
276 655
316 844
777 422
375 339
895 520
587 459
496 72
188 374
886 837
382 548
827 681
165 2
826 972
526 859
304 746
32 857
362 432
753 769
754 602
867 265
142 445
557 784
546 836
339 62
909 246
783 813
73 110
537 703
738 635
851 91
154 233
628 367
207 22
349 282
666 76
137 922
905 992
391 21
563 764
286 373
186 232
956 405
116 170
779 436
304 20
140 746
551 648
589 469
628 658
261 586
957 829
963 288
926 436
51 922
233 3
197 632
902 334
17 879
345 618
864 794
332 800
793 274
959 389
561 862
689 353
360 41
124 450
381 493
589 136
347 293
241 282
172 968
759 361
582 918
441 151
629 140
235 610
949 290
592 33
479 87
118 317
490 956
198 389
513 607
255 764
841 755
248 646
543 815
165 85
113 364
22 550
31 700
458 48
442 669
630 186
478 183
154 265
780 957
573 26
45 673
787 612
240 855
525 232
653 51
328 506
400 935
369 545
334 304
317 771
434 762
880 918
554 731
409 8
232 741
278 216
628 323
614 298
474 721
614 133
107 45
559 524
945 715
485 274
182 49
609 283
516 817
116 829
141 112
432 852
965 438
219 60
945 400
419 430
918 596
355 556
161 251
586 652
613 213
502 838
766 303
510 719
918 694
388 837
996 178
356 129
793 431
564 478
176 439
146 275
57 148
935 17
494 323
213 281
271 185
627 743
204 108
61 725
298 249
887 169
134 387
651 567
138 590
857 366
237 500
113 46
8 430
246 322
643 628
70 169
62 368
598 134
412 263
113 264
631 970
464 461
415 463
541 623
677 127
171 156
687 42
700 369
567 512
24 982
112 302
746 754
367 942
740 928
361 705
253 979
992 877
615 901
49 428
602 816
641 672
935 770
684 514
332 76
98 595
483 963
615 26
84 674
620 940
215 392
508 630
163 53
71 868
855 837
519 720
595 22
153 495
323 827
125 507
72 249
280 998
46 717
655 673
220 170
112 889
295 278
336 333
323 403
357 41
288 997
90 426
974 408
924 757
945 694
360 466
894 659
971 690
510 664
258 839
371 754
787 292
807 153
61 535
354 515
464 463
267 620
548 715
678 654
129 579
960 943
423 865
741 230
156 188
752 513
483 89
384 575
891 180
890 403
63 351
847 803
133 301
616 255
999 676
527 125
625 119
697 354
922 569
57 385
526 191
273 43
537 870
278 825
682 409
496 444
23 387
541 450
340 5
986 563
934 819
666 693
169 507
778 775
853 321
514 481
602 471
202 117
314 523
481 42
654 317
373 687
641 994
442 943
245 418
961 913
391 274
927 364
909 209
220 224
443 67
351 714
210 970
652 181
581 233
103 149
875 964
306 505
55 214
790 47
792 611
603 990
140 880
841 965
828 709
23 549
963 438
328 127
911 831
116 198
984 874
841 807
748 783
239 248
167 879
324 282
517 565
372 526
693 276
768 117
551 858
55 523
39 134
931 385
323 339
711 53
313 279
333 310
371 639
670 690
765 275
587 543
960 308
43 993
890 580
707 887
618 599
69 865
790 835
113 101
137 234
427 479
167 627
536 264
41 337
39 714
367 713
26 551
338 789
355 177
28 121
377 329
19 358
701 350
193 175
857 64
765 855
415 568
697 751
558 552
504 947
13 205
809 118
312 570
334 571
361 639
53 877
205 822
904 749
724 502
87 67
382 150
42 743
735 662
745 658
434 727
755 585
423 25
956 176
334 324
383 665
955 8
131 730
447 700
191 812
512 635
604 273
514 9
665 147
261 568
580 830
567 12
382 338
662 352
760 126
745 238
637 17
529 733
968 75
253 479
971 796
309 349
57 300
440 676
8 1000
906 897
690 552
160 547
656 728
289 897
974 464
267 982
720 314
267 551
789 694
801 8
68 537
735 387
995 302
942 811
815 539
910 261
687 235
414 692
679 248
792 484
739 366
434 341
189 221
543 814
773 269
826 894
761 463
138 875
355 314
709 919
727 63
700 702
443 719
248 613
636 520
213 809
27 785
911 552
771 413
728 492
4 500
605 608
487 15
348 887
844 588
573 138
991 655
247 655
858 951
935 793
662 947
616 913
349 381
386 489
390 289
949 574
382 511
918 779
194 721
598 995
710 745
289 835
822 471
800 788
955 355
51 870
76 34
586 179
237 943
402 644
427 91
575 72
180 305
364 566
902 1000
94 731
95 678
850 665
264 844
926 194
893 277
911 170
859 237
753 418
695 515
385 668
977 794
800 765
401 358
772 371
333 591
839 325
971 213
554 439
313 483
976 365
320 449
528 806
549 752
510 209
204 851
62 369
191 599
101 465
677 284
952 885
682 418
829 433
957 252
208 549
174 766
654 4
951 962
402 509
166 354
995 774
559 137
942 259
106 611
45 84
701 477
535 368
973 963
460 794
410 3
69 270
253 609
398 736
420 120
153 803
886 479
814 168
306 512
476 183
900 561
426 908
128 800
103 112
704 446
310 266
645 771
244 58
228 647
762 443
504 423
512 948
291 459
60 413
558 644
15 912
628 471
814 868
266 134
988 943
722 255
426 448
443 482
871 930
665 357
958 546
225 686
669 437
121 877
362 891
314 492
150 862
686 636
122 693
124 11
897 443
521 503
890 702
30 371
983 443
57 183
167 142
498 803
439 94
446 604
583 518
30 642
734 630
282 711
155 383
265 275
393 294
929 852
325 675
34 560
339 635
912 737
74 756
334 770
729 48
378 78
568 498
52 771
292 274
717 559
387 62
463 843
445 492
212 457
237 688
765 803
992 701
292 335
717 640
725 878
64 192
9 577
653 920
362 493
416 589
970 236
814 341
157 274
359 8
269 992
308 890
862 417
735 701
795 376
944 542
11 681
876 261
680 40
754 873
67 622
358 83
455 795
392 959
999 478
438 74
6 910
629 542
926 719
115 152
196 103
870 472
836 216
548 340
487 616
817 357
402 554
516 778
314 174
405 853
725 624
29 841
525 580
983 136
641 79
2 515
507 450
142 523
913 955
367 788
522 173
874 822
445 618
262 864
599 73
32 701
273 569
203 952
845 457
207 976
32 288
360 237
592 936
518 448
243 568
742 546
568 193
90 397
677 803
631 254
66 178
692 98
160 51
248 316
713 905
113 245
294 898
367 712
743 881
991 610
360 160
203 452
355 257
933 186
737 553
459 815
778 937
825 26
514 595
23 234
571 686
431 752
113 416
520 224
44 742
384 176
620 49
344 948
349 197
408 553
351 523
781 88
31 905
107 31
143 799
168 169
171 248
292 188
429 62
453 200
36 96
122 614
280 658
46 441
728 784
214 815
675 267
76 772
999 188
797 996
796 729
984 553
568 808
591 20
745 348
396 746
76 746
349 570
889 605
826 118
989 458
157 280
696 598
259 824
3 834
992 132
363 892
968 810
825 935
552 937
441 693
617 197
377 808
263 541
877 651
661 378
618 569
983 355
473 494
534 875
85 313
80 343
338 900
173 806
203 184
672 139
397 350
308 335
144 579
821 919
21 239
437 926
350 81
80 629
777 337
908 573
982 650
696 351
666 635
114 908
960 340
482 168
355 394
838 341
35 520
221 333
525 149
502 350
31 988
433 325
974 270
876 635
205 985
520 875
706 618
690 167
598 548
710 34
178 403
16 58
163 317
770 207
344 698
296 858
529 892
325 465
992 818
595 399
745 542
109 169
547 272
940 984
145 516
220 88
662 35
443 251
617 724
814 990
449 890
693 663
15 959
935 638
37 655
721 694
538 996
576 351
44 157
10 285
254 826
145 806
664 818
846 478
703 627
465 1
784 507
604 20
472 86
846 73
573 815
778 233
444 997
393 845
945 648
929 259
486 605
567 305
845 175
133 883
105 324
346 38
437 397
198 682
659 324
751 639
582 475
781 873
604 467
32 360
858 44
416 247
646 349
404 10
941 783
341 67
895 748
472 782
381 834
990 688
188 673
778 700
448 311
201 577
477 692
631 87
877 179
181 588
97 897
353 511
338 621
909 376
17 64
880 488
273 222
221 288
80 736
840 838
696 490
787 533
573 60
352 672
316 459
874 621
552 233
550 340
255 214
19 748
752 247
831 921
387 368
163 473
183 906
934 582
121 327
512 774
468 476
953 884
499 510
456 601
31 103
733 73
326 545
775 241
367 319
991 785
188 578
428 81
232 594
512 548
381 111
330 339
922 347
634 609
103 422
489 470
328 980
384 70
257 456
232 368
379 483
683 379
642 989
37 901
719 729
797 383
245 802
345 416
751 232
849 16
119 402
502 542
910 561
604 798
23 854
772 562
464 449
324 597
950 673
501 591
898 697
9 900
427 501
691 672
892 231
17 369
90 345
787 117
420 586
22 642
351 82
432 630
929 708
434 282
143 326
240 213
536 546
265 716
820 410
783 278
680 749
623 599
936 375
934 166
298 396
790 235
398 931
293 183
60 134
532 54
84 12
931 525
145 384
875 586
260 599
197 90
228 448
899 440
481 153
745 692
915 205
605 320
953 807
476 148
719 200
481 196
831 770
98 642
802 516
681 641
3 429
442 151
11 918
819 527
34 493
163 211
88 418
654 895
287 882
879 756
838 45
2 766
405 227
633 474
485 53
57 278
729 699
334 856
988 803
349 453
149 351
116 998
409 514
12 745
460 902
372 703
138 851
985 588
399 8
94 656
294 342
685 543
523 332
372 814
712 881
436 3
700 848
55 56
706 161
299 381
635 209
565 106
87 506
125 547
593 273
422 69
920 713
897 891
680 665
748 955
351 43
549 550
971 156
8 387
669 845
87 582
44 961
905 335
932 481
636 887
251 467
87 841
734 284
862 209
39 554
832 260
651 642
763 380
691 459
31 618
123 669
987 928
877 268
734 431
757 854
369 573
134 917
235 84
161 809
2 239
5 904
840 749
10 337
385 69
474 823
715 735
146 36
85 97
503 972
732 954
235 370
145 654
384 450
349 486
704 155
989 182
920 419
478 677
706 856
286 376
604 275
35 56
885 502
279 701
766 43
271 637
774 364
626 601
314 323
997 974
301 967
490 569
141 926
418 229
972 700
448 387
629 531
569 312
43 520
808 943
932 861
898 861
403 566
483 183
302 857
178 667
855 183
792 375
647 875
597 492
445 879
318 199
446 408
473 30
365 216
131 416
170 454
501 424
728 484
191 428
623 637
511 55
405 833
401 154
681 158
801 607
574 103
5 296
189 219
265 699
506 65
435 71
798 168
192 848
804 639
877 351
19 501
648 451
246 778
610 201
9 527
504 977
982 762
571 717
473 986
131 124
648 338
248 470
780 343
171 425
754 716
259 192
809 31
567 942
70 130
19 832
993 509
41 920
484 176
162 636
110 798
935 795
443 141
562 253
466 38
520 729
499 402
483 825
435 846
738 525
650 763
266 224
709 156
234 316
145 805
699 154
718 234
811 580
958 693
478 931
82 376
251 531
803 424
775 182
445 719
357 387
506 975
452 425
384 921
650 428
464 87
302 778
963 972
46 880
538 633
194 2
324 897
753 305
61 326
96 864
540 753
243 755
968 692
459 59
333 990
696 30
92 895
627 518
539 440
888 774
943 458
48 801
17 438
34 808
184 481
421 476
540 6
814 348
450 636
14 357
93 500
420 132
614 830
559 139
616 563
65 339
179 215
974 662
403 799
960 32
248 498
867 530
679 691
774 857
666 382
760 397
207 146
863 658
508 659
35 261
2 70
224 218
441 829
353 954
406 172
432 311
767 219
144 507
606 863
250 496
387 529
984 627
953 740
79 362
581 20
12 273
659 822
56 737
668 481
829 132
104 685
546 476
929 460
789 537
395 488
694 204
698 131
491 643
718 198
774 308
333 92
903 80
542 784
85 715
492 835
869 203
584 117
142 557
659 389
327 531
574 810
350 688
3 925
6 492
1000 133
765 411
142 732
129 983
366 262
686 749
51 610
716 336
789 748
50 296
869 318
707 431
265 384
364 826
181 796
43 791
762 613
246 306
925 365
88 652
911 942
958 463
798 532
431 85
109 155
626 263
220 36
895 618
636 876
773 875
606 255
383 162
365 595
844 113
776 336
351 896
299 877
13 55
43 701
930 969
550 486
255 100
349 255
548 999
667 6
351 529
979 280
541 737
230 674
123 990
631 155
514 367
79 955
57 964
174 101
529 170
456 330
991 598
499 300
586 188
288 855
54 894
715 528
573 402
779 319
488 586
785 610
73 336
391 66
909 513
324 103
290 179
920 358
480 301
798 267
211 687
710 567
237 595
601 975
632 159
615 366
33 268
57 390
845 229
168 809
461 156
579 265
872 285
198 977
894 690
367 494
397 461
743 261
263 571
720 224
938 315
315 808
226 744
716 944
815 512
742 544
817 767
252 308
627 672
648 891
422 122
613 861
155 349
142 69
744 766
792 570
552 630
991 97
813 769
207 534
605 767
87 311
827 685
222 49
44 849
944 847
579 752
896 994
786 458
400 145
681 32
511 29
22 888
667 117
335 483
407 950
584 876
731 842
115 653
105 196
277 279
81 766
121 141
94 29
935 886
987 34
376 551
343 651
426 309
663 308
870 152
853 934
710 881
932 695
987 412
434 564
382 454
129 34
758 621
742 422
138 304
980 543
784 258
954 190
741 278
300 476
599 664
506 825
858 530
806 850
552 653
270 559
966 824
350 761
955 457
812 470
523 141
381 489
347 313
494 56
426 184
842 988
242 128
740 135
480 885
483 182
213 257
177 811
266 633
56 68
919 725
904 274
985 329
18 128
181 852
476 836
94 431
132 136
705 858
133 209
246 378
527 1
251 144
137 18
289 435
109 210
540 908
839 384
758 237
805 304
19 391
717 612
459 892
395 724
126 766
53 684
682 348
351 843
514 565
736 653
316 365
10 884
809 270
909 52
821 3
145 335
754 717
260 552
961 941
835 916
733 321
31 810
81 730
238 239
207 46
525 117
374 565
965 126
417 696
280 752
614 351
797 853
135 850
118 526
196 332
441 419
576 290
262 339
104 547
148 286
955 134
900 781
854 904
581 960
547 112
858 914
897 1
784 17
663 574
996 457
936 135
782 572
158 34
641 4
91 461
717 273
684 94
206 814
289 930
682 587
617 22
891 467
907 342
360 9
416 299
901 380
480 930
726 259
970 833
898 830
422 416
960 839
775 484
489 965
536 810
616 120
341 65
237 3
695 802
666 776
60 559
167 453
263 950
70 656
899 898
648 768
186 835
501 316
817 993
26 668
571 778
866 194
4 181
958 306
209 881
604 286
60 569
612 254
190 619
123 580
162 844
179 214
752 52
477 965
979 383
581 479
28 497
212 150
340 451
362 263
970 70
535 482
39 711
297 496
944 629
16 24
823 295
33 537
738 349
117 128
211 455
231 952
917 287
221 226
648 239
885 139
358 819
586 232
913 584
93 808
846 286
594 783
222 724
211 293
103 339
223 794
382 286
664 993
909 621
208 455
550 865
793 172
78 166
262 89
603 261
729 962
932 122
312 426
647 78
979 518
85 699
301 526
12 711
115 332
651 792
33 65
731 22
436 954
510 751
593 9
647 364
208 411
51 613
252 418
237 178
367 979
134 464
858 14
968 578
664 379
963 285
721 382
351 463
246 307
47 838
17 375
644 276
823 62
207 652
645 142
60 418
904 8
759 224
145 36
924 91
965 609
804 545
607 60
921 715
534 308
212 468
982 688
594 135
715 471
934 823
574 286
265 940
654 150
605 444
222 884
922 854
795 460
961 996
172 141
625 439
993 459
277 498
667 182
705 511
487 417
770 181
438 815
421 563
111 634
43 165
520 515
101 432
173 99
620 908
894 247
253 213
419 191
315 510
523 159
906 695
567 36
501 23
112 778
205 291
405 225
10 211
430 652
627 246
594 21
924 678
524 296
341 596
894 288
780 529
34 943
200 411
309 103
845 117
663 836
845 454
479 856
190 133
872 60
286 747
350 975
635 783
51 494
234 856
609 892
117 625
189 324
743 797
815 496
635 979
786 41
255 340
682 470
223 478
703 444
388 801
402 580
294 867
27 36
528 527
126 594
821 594
37 195
22 90
64 47
118 918
116 353
857 870
624 55
531 485
131 915
541 708
66 740
938 246
719 313
978 645
199 353
301 496
469 842
608 650
615 969
852 269
569 785
897 794
510 137
704 268
728 642
803 80
586 800
325 284
133 115
71 808
935 599
367 369
280 473
178 281
543 146
746 42
435 997
718 140
814 675
907 79
46 521
665 433
834 122
82 293
358 702
472 761
859 999
592 730
828 954
484 96
949 154
328 716
536 49
3 980
375 206
945 579
360 189
218 7
228 377
863 693
108 602
15 62
977 904
590 390
385 805
134 408
427 430
925 419
85 198
825 247
826 536
386 637
8 439
854 122
605 800
397 347
804 322
146 93
113 150
844 35
501 295
339 564
347 789
118 208
985 155
970 321
960 343
430 447
531 400
75 828
538 933
45 668
173 487
514 421
163 337
241 722
60 63
867 441
481 86
226 965
70 128
426 916
633 84
123 886
396 424
880 907
278 844
664 535
257 199
258 312
940 828
244 81
31 29
750 991
418 946
241 765
58 413
281 378
927 215
641 490
954 83
986 39
803 426
841 739
96 294
59 682
426 379
209 121
48 441
233 883
767 714
181 243
39 245
846 255
164 423
989 717
797 442
923 841
271 23
223 270
109 807
656 885
470 445
337 801
863 318
600 719
578 442
981 815
359 975
89 159
42 239
961 467
193 73
538 675
51 343
844 424
863 607
982 314
408 983
27 127
246 97
109 983
937 116
985 208
304 695
622 623
53 816
538 400
875 177
107 75
219 693
623 899
383 494
297 503
413 749
783 755
508 14
885 25
889 222
616 866
196 274
838 225
295 606
187 49
600 278
141 480
288 956
955 52
59 123
791 426
63 595
698 798
326 695
664 994
402 760
82 459
929 450
430 625
609 314
646 865
471 332
953 309
203 690
737 478
976 882
298 642
7 814
720 344
233 879
578 589
725 906
601 660
867 357
859 92
29 387
766 592
167 53
979 287
797 414
446 116
194 245
161 484
604 904
755 268
848 90
650 160
12 949
881 486
310 258
829 670
243 721
657 533
621 476
329 676
399 926
890 271
692 57
431 87
554 140
382 675
75 9
296 330
232 224
790 629
131 152
672 404
675 983
765 831
31 836
22 850
745 927
173 414
361 902
88 202
198 115
884 630
577 410
897 686
295 935
620 88
389 733
666 336
500 238
687 186
927 363
69 127
35 291
127 905
650 972
297 636
962 938
175 519
515 250
111 645
476 6
689 796
10 510
814 21
528 127
413 531
784 137
236 902
989 192
239 289
521 970
261 719
125 410
897 991
663 752
548 336
257 297
788 944
724 625
765 91
858 431
816 500
741 466
647 417
855 78
108 849
530 255
259 849
600 989
33 108
152 334
775 414
402 6
293 643
260 476
8 269
617 271
263 731
147 962
332 510
887 155
725 369
674 945
316 842
599 393
947 856
454 184
751 562
903 347
847 947
655 17
208 594
681 561
175 118
221 756
916 852
808 632
925 514
657 172
426 672
386 986
761 272
762 710
852 185
264 418
247 561
527 995
969 355
736 594
593 867
960 106
231 29
163 261
571 384
398 732
353 119
979 167
743 134
357 583
324 7
361 668
662 936
477 302
390 687
250 600
552 450
491 926
699 405
521 917
116 1
410 392
421 831
956 403
301 802
966 540
608 88
310 16
404 93
335 583
998 141
124 762
641 62
219 214
449 557
417 79
950 467
38 569
332 862
133 795
225 746
669 377
835 113
51 702
587 398
194 138
237 232
811 25
498 788
996 107
172 597
428 751
51 604
323 451
553 994
973 261
631 297
542 298
302 719
449 105
146 459
330 700
721 325
995 162
778 644
653 536
229 614
161 654
916 522
518 706
955 996
316 878
562 594
446 761
873 659
13 778
855 519
840 994
805 318
661 826
39 634
351 804
338 645
161 1000
491 417
239 967
877 313
386 783
478 185
795 105
905 505
834 433
966 146
710 301
550 477
849 928
97 859
539 108
226 161
430 47
801 681
697 1000
909 131
178 399
987 687
328 480
606 983
295 804
426 917
761 14
687 370
525 115
510 91
23 906
634 375
541 969
859 518
932 474
970 661
76 804
314 913
33 477
387 583
944 312
763 822
281 593
20 867
278 687
121 634
34 131
876 766
509 995
36 501
257 480
512 467
206 957
980 684
983 223
797 708
824 485
897 176
592 552
793 327
561 227
51 877
675 634
519 174
775 192
172 795
543 292
677 882
713 521
308 235
530 172
882 176
755 130
354 633
560 436
264 881
637 212
927 554
509 678
626 173
94 623
830 291
777 181
320 568
75 906
40 679
440 129
338 948
100 171
906 482
484 714
261 235
811 291
777 407
136 105
313 599
316 882
189 252
817 999
17 427
400 317
787 827
56 303
518 569
387 201
905 388
134 822
374 427
729 72
307 941
38 338
350 448
122 419
841 407
566 964
539 72
979 257
487 46
568 680
678 649
818 36
525 6
225 106
582 57
412 961
344 951
404 977
81 708
867 549
168 506
70 380
163 426
71 717
520 897
758 905
906 526
429 403
822 362
399 719
840 409
685 226
832 698
618 135
237 731
382 284
516 652
77 370
405 203
872 518
779 498
506 780
232 323
766 102
548 317
33 818
533 207
225 560
443 505
168 816
461 245
673 949
86 738
403 196
242 996
743 935
102 632
531 704
262 606
592 818
935 418
169 519
817 912
302 805
341 769
214 241
824 293
111 363
912 824
916 748
337 400
498 943
337 619
104 266
622 972
604 687
436 329
455 31
596 751
868 372
523 659
429 640
209 514
770 732
701 308
443 556
151 855
152 815
842 359
925 652
840 904
293 34
460 597
209 851
364 249
633 832
745 926
546 712
308 976
899 47
248 846
37 738
175 288
54 595
843 506
718 762
387 336
547 462
89 592
371 378
120 954
735 673
309 560
1 359
664 545
297 652
82 138
870 243
340 566
416 988
417 471
291 324
657 903
183 136
665 185
873 318
493 768
12 304
246 483
254 231
805 765
228 902
300 507
85 43
664 878
21 447
149 347
578 575
6 60
279 1000
708 174
357 472
693 286
487 837
823 751
204 381
59 578
632 384
850 715
318 461
673 194
969 611
988 605
226 628
578 705
734 317
972 969
864 706
531 720
998 701
143 384
881 385
863 369
403 303
562 988
890 433
35 932
734 742
271 364
389 913
625 21
810 161
630 294
796 76
190 711
321 916
430 310
485 905
895 902
420 151
710 281
520 229
960 508
944 977
317 817
946 131
909 13
605 414
161 813
426 378
754 676
501 325
944 928
525 253
729 418
788 785
22 89
795 347
301 494
563 807
323 586
589 795
735 557
3 380
206 277
177 49
34 410
148 406
828 368
64 749
604 495
549 442
418 940
1 252
976 654
295 502
802 42
390 462
986 319
180 918
637 483
275 634
171 317
343 91
238 375
38 632
349 934
794 725
67 397
894 322
586 659
369 341
744 295
180 347
116 516
313 126
885 822
559 16
63 46
393 54
30 317
930 247
15 395
773 347
885 935
190 167
284 440
657 690
364 750
130 850
539 690
523 509
54 600
563 425
327 666
588 44
705 257
223 91
740 375
632 856
84 499
216 171
697 668
971 13
790 579
204 948
5 677
32 781
967 473
829 24
959 693
731 826
572 382
756 561
836 699
856 25
127 98
454 470
450 99
81 271
4 385
499 715
675 716
69 165
235 197
474 791
754 859
258 20
296 863
888 281
995 607
979 66
231 913
413 722
957 683
275 843
112 487
455 841
560 523
898 215
102 290
10 439
980 463
519 378
244 450
379 621
909 582
881 803
453 602
324 898
673 25
267 778
32 399
660 291
440 326
24 5
704 679
38 144
268 173
817 376
394 155
215 33
590 87
817 457
837 518
151 654
902 194
405 618
977 796
697 438
584 650
968 553
237 92
441 687
935 438
354 344
602 50
450 807
752 616
792 454
833 238
355 126
92 891
626 287
978 884
26 537
78 854
10 401
576 646
606 372
739 882
114 602
212 435
855 667
457 268
792 787
289 836
912 296
415 655
625 319
364 293
314 638
740 984
687 51
163 245
675 539
876 136
477 115
496 602
178 432
126 330
54 743
878 821
225 139
629 596
162 668
805 998
239 414
337 482
819 566
793 919
626 679
462 106
101 490
564 982
232 599
395 415
751 416
664 996
521 829
699 81
336 693
393 690
803 507
567 114
291 303
423 474
797 713
345 570
309 415
542 167
685 856
964 221
422 737
43 220
190 285
851 709
667 312
157 76
877 701
290 367
661 332
773 258
831 28
324 594
243 546
327 981
997 373
356 323
803 900
381 752
555 103
773 36
702 154
319 686
648 210
349 585
777 434
835 388
178 897
621 107
787 233
554 36
403 752
758 268
596 607
718 942
296 219
563 133
652 616
283 503
47 22
179 134
942 958
134 930
856 34
657 87
677 28
644 875
277 398
648 366
123 965
840 803
353 105
351 674
923 293
413 719
766 711
809 334
171 933
82 248
397 416
668 407
529 831
179 578
823 181
606 831
554 666
188 908
101 445
728 681
712 750
196 391
337 351
287 889
552 262
721 753
78 22
119 702
263 128
637 317
105 84
345 741
822 401
713 591
183 425
646 835
172 190
980 741
323 58
950 501
811 785
685 888
447 69
506 515
219 490
313 97
955 542
24 236
208 121
600 991
622 284
21 513
901 948
890 732
198 779
317 919
808 839
237 147
990 595
368 718
811 76
265 416
251 27
472 860
596 215
612 48
869 687
446 368
104 359
32 4
929 778
19 254
181 964
352 801
425 445
780 640
307 59
316 827
743 764
908 535
365 875
639 575
416 641
53 596
545 476
353 314
524 583
874 652
605 620
952 930
830 903
814 264
562 496
466 285
47 264
828 19
991 545
426 959
562 67
546 860
676 207
70 298
328 341
573 321
405 447
689 844
282 298
447 596
676 94
954 344
497 723
412 793
853 930
190 264
179 719
103 188
590 815
917 453
276 307
849 407
975 371
79 302
194 708
600 639
253 103
880 735
556 282
868 516
336 381
935 245
984 845
143 34
954 45
349 933
685 971
890 943
690 547
968 193
54 154
59 752
189 673
280 195
869 15
462 751
696 715
261 460
777 782
171 981
237 230
552 830
96 746
405 710
834 856
891 297
88 554
33 255
731 448
716 404
700 881
7 679
584 766
627 640
208 786
389 867
694 534
678 939
916 532
352 973
665 780
621 51
198 268
218 582
221 677
973 758
577 181
562 547
139 894
670 686
633 654
943 19
822 832
507 733
127 156
98 498
830 931
410 54
230 671
784 791
457 113
993 391
543 435
796 998
691 200
529 229
396 468
915 486
790 140
886 357
851 171
378 580
415 89
988 269
793 777
262 452
866 574
376 93
712 727
965 11
660 584
515 308
419 235
953 754
281 206
229 256
410 490
289 747
20 877
171 651
483 653
263 187
488 789
604 99
769 210
552 734
958 702
171 280
175 908
789 896
719 707
760 784
1000 739
375 905
893 204
695 378
203 536
137 378
428 431
214 376
255 836
963 947
363 751
473 419
237 202
453 925
789 723
320 364
302 894
566 495
90 476
994 566
906 480
412 121
489 858
612 200
420 833
706 21
890 502
856 698
236 164
753 22
401 121
807 817
195 316
563 309
692 215
566 696
256 819
166 266
23 375
649 828
777 375
100 538
763 330
654 15
288 414
588 823
632 165
813 982
303 253
652 468
65 342
602 631
850 893
348 675
679 729
406 71
546 930
304 569
782 738
879 794
553 186
183 787
115 585
888 711
300 973
430 543
231 39
785 351
406 161
379 957
231 948
912 102
92 478
525 486
819 569
642 2
201 370
866 612
813 43
214 728
399 638
967 188
721 660
663 745
426 568
318 618
764 558
746 97
51 941
305 365
199 729
747 585
510 561
591 488
282 170
923 930
543 373
290 509
185 17
185 669
595 602
872 437
798 93
55 940
521 504
151 685
833 574
544 567
337 847
86 962
983 432
753 327
236 807
593 414
591 703
423 793
996 45
622 886
356 332
501 967
646 56
226 688
152 531
67 180
549 524
604 681
329 64
60 463
422 162
479 407
501 363
393 440
87 562
491 333
611 428
888 807
657 820
329 395
383 216
424 401
317 186
431 182
264 393
456 312
885 349
787 567
486 926
280 395
667 29
154 504
845 408
453 76
127 37
202 460
957 364
46 53
927 340
965 929
947 426
111 529
904 512
336 997
79 55
73 458
18 557
300 215
338 30
653 341
785 613
883 326
149 22
791 459
543 186
466 890
837 409
675 114
180 956
72 29
410 306
485 63
91 408
665 473
427 547
116 893
335 541
565 688
693 491
806 698
997 37
158 137
289 110
586 716
150 893
879 182
347 321
759 269
318 45
180 22
240 265
77 698
479 122
688 609
281 909
255 707
518 741
260 253
905 224
356 582
857 223
566 614
273 126
414 261
862 219
645 383
226 41
979 477
869 785
4 280
334 515
100 673
268 405
973 226
237 431
961 964
145 759
643 112
849 859
206 488
926 704
214 951
433 60
295 658
116 413
905 926
249 820
12 240
766 371
96 220
419 206
756 173
210 57
676 942
533 803
737 200
23 577
41 394
309 308
182 34
332 635
95 91
929 399
38 685
862 851
115 490
388 564
979 597
347 768
659 595
417 76
449 723
160 938
582 749
786 562
595 188
3 984
243 511
464 496
483 300
212 886
817 572
376 732
910 755
398 263
309 232
682 882
960 880
464 399
483 189
476 978
94 513
534 866
812 640
616 1
320 590
122 982
987 166
708 450
778 643
133 677
626 505
773 908
497 299
669 811
48 827
178 838
961 21
157 319
92 951
40 778
347 902
350 491
79 683
580 908
100 758
142 503
183 665
809 90
923 206
283 303
149 650
978 722
376 384
861 135
222 963
261 977
481 219
724 129
304 380
632 257
982 841
896 977
139 138
955 44
7 403
524 63
858 721
395 117
715 940
609 417
77 331
542 943
357 171
656 286
870 288
478 933
194 600
565 583
196 254
825 746
76 918
651 98
524 492
12 728
142 603
785 984
788 73
315 905
617 25
946 961
660 102
